Wed. Aug. 22, 2018             LANDSAT 7                 Time: 06:17
                         Image Assessment System
                           GCP Residual Report
----------------------------------------------------------------------------
WOID: L29092669            Path/Row: 197 / 024

L0R Reference Image: L73NSG1118208100100_HDF.182341015
Acquisition Date: Jul 27, 2018

Band Number:  5

GLS date for each WRS-2 path/row used:
Path  Row   Date
197   024   05-25-2001


Point_ID         Latitude  Longitude    Height       Across    Along    Residual  Residual
                                                      Scan      Scan      In y      in x
                                                    Residual  Residual    dir       dir
                   (deg)     (deg)     (meters)     (meters)  (meters)  (meters)  (meters)

1970240001_01   51.402960    7.007963   100.400       5.951     5.715     4.253     7.066
1970240002_01   51.491947    6.737858    80.527       0.653    -3.784     1.615    -3.482
1970240003_01   51.462749    6.748805    87.302       0.328    -1.312     0.657    -1.181
1970240005_01   51.640725    7.636651   102.114       0.194     3.768    -0.797     3.686
1970240006_01   51.712768    7.251035    91.075      -5.748    -1.838    -5.072    -3.271
1970240007_01   51.677770    7.819084   110.510       0.586    -7.413     2.489    -7.003
1970240009_01   51.579670    7.056103   130.914      -0.927    -3.880     0.113    -3.987
1970240010_01   51.393610    7.094620   178.940      -2.622    -4.366    -1.396    -4.897
1970240011_01   51.346117    7.044894   295.363       1.428     0.214     1.320     0.578
1970240012_01   50.835965    6.968721    99.390      -2.616    -7.272    -0.633    -7.701
1970240013_01   51.382513    5.334898    67.972      -1.817     2.814    -2.485     2.245
1970240016_01   51.508625    7.083339    90.705       2.165    -2.673     2.783    -2.016
1970240017_01   51.369090    6.705127    85.004      -2.924    -2.857    -2.079    -3.519
1970240018_01   51.346360    7.458877   264.857       3.089     3.549     2.053     4.228
1970240020_01   51.579938    7.105454   107.297      -0.661    -5.089     0.685    -5.085
1970240021_01   51.403204    7.171861   116.502       2.262    -2.798     2.908    -2.111
1970240023_01   51.444542    7.210792   185.294       4.929     7.050     2.919     8.087
1970240025_01   50.926178    6.928078    98.363      -0.960    -0.204    -0.876    -0.447
1970240026_01   51.298713    7.386455   370.589      -1.390    -5.879     0.186    -6.034
1970240027_01   50.974237    7.055428   100.429       2.137    -1.230     2.380    -0.631
1970240028_01   51.252603    7.133989   191.601      -0.022     5.523    -1.462     5.323
1970240030_01   51.002470    7.115395   172.910       1.086    -1.595     1.460    -1.257
1970240031_01   51.468694    7.050457   125.610       0.513     3.168    -0.332     3.191
1970240032_01   51.970250    7.626672   104.293      -0.776    -2.149    -0.193    -2.277
1970240033_01   51.515778    7.500295   132.201      -0.000     0.509    -0.137     0.490
1970240034_01   51.493126    7.230067   154.852      -0.180     2.732    -0.887     2.589
1970240035_01   51.476133    7.705068   168.339       1.674     0.712     1.425     1.123
1970240036_01   51.427275    7.246423   220.102       0.815     5.119    -0.549     5.151
1970240038_01   51.434345    6.787324    85.620       2.977     2.783     2.147     3.462
1970240039_01   51.446901    7.070382   133.071      -2.149    -2.830    -1.340    -3.292
1970240042_01   50.917326    6.727857   162.582       0.396    -6.650     2.114    -6.315
1970240043_01   51.440207    7.776013   203.877       3.578    -0.003     3.448     0.928
1970240045_01   52.193463    6.857360    76.155       0.417    -0.535     0.542    -0.408
1970240046_01   51.155846    5.874736    63.708       3.523     3.755     2.424     4.545
1970240049_01   52.361754    5.602075    39.000       1.831     5.548     0.328     5.836
1970240050_01   51.266810    7.232326   223.112      -0.447     5.977    -1.990     5.650
1970240051_01   51.334275    6.597034    80.259      -0.784     6.283    -2.394     5.861
1970240052_01   51.485682    7.552702   172.528       1.148     1.865     0.618     2.098
1970240053_01   51.710293    6.092028    54.789       0.566    -2.313     1.151    -2.085
1970240054_01   51.169891    6.872110    89.330      -0.069    -0.173    -0.023    -0.185
1970240055_01   51.399401    6.779954    80.096       0.057    -3.365     0.930    -3.234
1970240057_01   51.544676    6.919137    90.625       1.837     2.168     1.207     2.571
1970240058_01   51.911451    7.086297   141.086      -0.841    -6.971     1.000    -6.948
1970240064_01   51.160166    6.993556   154.199      -2.812    -0.087    -2.694    -0.817
1970240065_01   51.216321    6.757843    83.690      -0.070     3.502    -0.982     3.362
1970240066_01   51.533833    7.228056   114.999      -1.061    -3.635    -0.080    -3.785
1970240069_01   51.097094    7.195960   299.283      -1.703     2.322    -2.251     1.795
1970240072_01   51.669410    7.644467   111.429       4.350     6.927     2.392     7.817
1970240075_01   51.173759    7.047474   238.458       1.174     0.408     1.024     0.699
1970240080_01   51.205258    7.302541   293.468      -0.615     3.057    -1.392     2.788
1970240081_01   51.975925    5.937660    53.451       0.430    -4.285     1.535    -4.025
1970240082_01   51.314200    7.605027   447.535       2.642    -3.022     3.330    -2.227
1970240085_01   51.017034    7.081869   147.559      -1.816    -6.331    -0.106    -6.584
1970240086_01   50.990399    7.555766   224.039       0.408     3.889    -0.624     3.858
1970240087_01   50.980676    6.973951    89.189      -0.453     0.011    -0.443    -0.108
1970240088_01   51.025170    6.957037    90.887       1.259    -0.950     1.460    -0.589
1970240090_01   51.460889    7.257227   157.020      -0.036     1.822    -0.512     1.748
1970240091_01   51.454702    7.371029   174.597       1.617     4.689     0.336     4.945
1970240093_01   51.325532    6.552704    86.638      -1.999     3.232    -2.772     2.599
1970240094_01   50.961446    6.938899    97.319       1.254    -3.806     2.199    -3.347
1970240095_01   51.515759    7.124118    98.828      -3.092    -4.043    -1.934    -4.708
1970240096_01   51.691555    6.880283    91.474      -3.788    -4.623    -2.454    -5.449
1970240097_01   51.404542    6.696881    79.743       0.480     2.377    -0.157     2.419
1970240099_01   50.954630    6.889649    94.866      -0.504     5.126    -1.825     4.815
1970240100_01   51.224406    6.799988    87.306       1.236     3.446     0.294     3.648
1970240101_01   51.358284    7.637298   181.074       1.907     4.364     0.700     4.707
1970240106_01   51.465434    6.878255    92.820      -0.082    -2.333     0.527    -2.274
1970240107_01   51.168122    6.734861    88.166      -0.950     6.732    -2.672     6.250
1970240109_01   51.287605    7.046950   260.977       0.514     4.527    -0.685     4.501
1970240112_01   51.678536    6.999362    79.778      -0.649    -1.525    -0.232    -1.641
1970240117_01   51.619661    7.195244   132.420      -0.118    -4.991     1.183    -4.848
1970240120_01   51.154166    6.450234   106.720       0.524     4.466    -0.659     4.447
1970240122_01   52.263999    6.791088    61.508       4.196     7.169     2.187     8.012
1970240123_01   51.675873    6.969972    77.949      -1.901    -1.371    -1.479    -1.819
1970240124_01   52.256746    6.680230    57.905       0.392    -2.424     1.010    -2.238
1970240126_01   51.563944    6.749869    77.110       0.828    -2.300     1.397    -2.005
1970240127_01   51.478134    5.346245    62.217      -0.340     1.669    -0.759     1.525
1970240128_01   51.102989    7.010603   115.826      -0.863    -1.346    -0.485    -1.525
1970240129_01   51.490372    6.840362    73.700       0.822    -1.127     1.086    -0.874
1970240132_01   51.993381    5.883143   108.970      -1.785     1.487    -2.108     0.973
1970240135_01   51.645034    7.077157   104.041      -3.812    -4.262    -2.572    -5.107
1970240136_01   51.375489    6.273691    98.668       0.093     5.920    -1.452     5.740
1970240137_01   51.140810    6.265243   109.750       1.395    -0.940     1.592    -0.544
1970240138_01   51.271548    6.617084    89.787       0.097     0.477    -0.031     0.485
1970240139_01   51.494001    6.196165    62.440       1.733    -0.780     1.877    -0.301
1970240140_01   51.945792    6.293361    56.049       1.732    -2.330     2.281    -1.799
1970240141_01   51.183270    6.411706   124.805       2.523     1.181     2.127     1.798
1970240142_01   51.961250    7.595509   116.108      -4.595     6.011    -6.001     4.604
1970240143_01   51.942168    7.168795   126.601      -1.209    -0.910    -0.932    -1.194
1970240144_01   51.207026    7.036188   240.144      -0.467     4.287    -1.570     4.015
1970240145_01   51.157241    6.184459   129.745       3.475    -0.091     3.379     0.819
1970240147_01   51.523869    6.963334    87.225      -0.837    -3.082    -0.007    -3.193
1970240148_01   50.928131    6.429316   278.594      -0.795    -2.759    -0.049    -2.870
1970240150_01   51.183783    6.680430    84.460      -1.234     7.188    -3.066     6.617
1970240153_01   52.133156    6.624407    62.227      -2.027    -1.348    -1.606    -1.828
1970240157_01   51.237777    5.238943    83.843      -1.240     1.114    -1.484     0.754
1970240158_01   51.038354    6.985985    92.773       1.184    -6.141     2.740    -5.619
1970240159_01   51.192185    6.448994    97.000      -0.085     0.012    -0.086    -0.010
1970240160_01   52.220765    6.860438    73.000       3.273     1.908     2.664     2.694
1970240163_01   51.514976    5.601943    63.668      -4.189    -0.276    -3.970    -1.357
1970240166_01   51.579380    6.512237    68.744       3.666     1.908     3.042     2.797
1970240167_01   50.980045    6.922689    94.281      -0.393    -1.110    -0.092    -1.174
1970240169_01   51.244394    7.303679   267.628      -1.889     4.680    -3.045     4.022
1970240172_01   51.342362    6.207589    83.774       0.662    -5.245     2.008    -4.891
1970240173_01   51.218494    6.949778   184.643      -1.257    -2.065    -0.677    -2.321
1970240175_01   50.998325    7.142928   187.426      -0.951    -4.265     0.190    -4.364
1970240176_01   51.654758    7.837897   116.242       0.411    -3.226     1.230    -3.007
1970240177_01   51.515221    7.416865   119.937       1.898    -2.605     2.506    -2.021
1970240178_01   51.510484    7.165840   104.003      -0.853    -0.382    -0.726    -0.591
1970240179_01   51.021661    7.019649    98.585       0.198    -3.510     1.103    -3.336
1970240181_01   51.307535    6.744789    83.253       0.714     4.540    -0.495     4.568
1970240183_01   50.927056    6.962620    95.633       1.589     5.506     0.096     5.728
1970240189_01   51.769750    7.427105    97.600      -0.360    -0.191    -0.301    -0.279
1970240190_01   51.442694    5.466539    66.449       1.727     1.068     1.393     1.482
1970240192_01   50.874780    6.997737    98.715      -0.072    -6.542     1.632    -6.334
1970240193_01   51.583354    7.018270   125.904      -1.391    -4.260    -0.236    -4.474
1970240194_01   51.466140    7.010828   105.350      -1.753    -0.554    -1.550    -0.992
1970240197_01   52.215929    5.963775    62.824      -1.968    -0.458    -1.778    -0.953
1970240200_01   51.542732    6.977635    83.794      -2.168    -3.003    -1.313    -3.464
1970240201_01   50.873535    6.696298   131.893      -0.929    -5.994     0.664    -6.028
1970240205_01   51.309408    7.248338   355.291       0.223    -0.974     0.465    -0.882
1970240208_01   51.470997    7.194206   125.225       1.271     2.624     0.541     2.863
1970240209_01   51.516174    7.620484   173.817       2.983     4.554     1.689     5.171
1970240213_01   51.001544    5.866734    89.852       2.542    -3.040     3.249    -2.272
1970240214_01   51.288616    7.283549   254.840       0.511     3.562    -0.438     3.569
1970240215_01   51.379902    6.877902   129.144      -3.938    -2.436    -3.168    -3.377
1970240222_01   51.278819    7.188419   243.421      -0.831     2.425    -1.436     2.123
1970240224_01   51.068974    7.561029   434.364      -1.038     1.105    -1.293     0.794
1970240230_01   50.904342    7.022498   100.211       0.404     2.812    -0.346     2.819
1970240232_01   51.646035    7.676384   106.177      -4.026    -6.575    -2.178    -7.395
1970240233_01   51.123870    6.446758   123.754      -1.293    -1.213    -0.933    -1.508
1970240235_01   51.574621    7.381032   105.493      -4.225    -3.649    -3.131    -4.623
1970240236_01   51.031585    6.326027   133.502      -1.799    -2.032    -1.207    -2.431
1970240238_01   51.436061    7.369103   200.014       2.054     5.621     0.516     5.958
1970240242_01   51.058577    7.016789   109.292      -3.773    -3.589    -2.709    -4.448
1970240244_01   51.005528    6.991256    93.508      -0.084     2.361    -0.699     2.256
1970240248_01   51.214337    6.711114    82.405       2.147     3.666     1.116     4.098
1970240249_01   51.146424    7.246366   362.021      -2.058     1.589    -2.403     0.996
1970240250_01   52.155456    6.402594    58.485       0.477    -1.101     0.749    -0.939
